128 130
 68   0  16  11  16  21  16  16  16  11  16  16  16  16  26  44  30 
 26  26  53  48  30  39  53  57  48  66  74  70  70  66  61  66  70 
 70  70  66  57  61  66  61  66  74  74  70  74  70  74  66  74  70 
 70  74  70  74  78  66  61  66  70  61  66  57  70  70  74  78  82 
 78  70  74  82  82  74  78  78  78  78  78  78  74  82  78  78  82 
 82  82  74  74  82  78  74  66  57  57  61  70  74  74  74  74  78 
 61  66  74  70  61  53  57  57  66  61  66  74  70  57  61  70  70 
 70  66  61  70  66  70  70  74  74 140 140  68  16  61  53  48  53 
 57  53  53  53  53  48  53  53  74 111  95  78  74 127 127  82 111 
135 146 131 166 170 173 170 166 150 162 177 170 170 158 150 150 158 
154 162 177 185 181 177 173 170 170 170 173 173 177 173 177 189 170 
158 162 170 166 146 146 158 173 189 189 196 192 185 177 196 192 189 
192 189 189 189 192 185 189 189 189 192 200 200 204 185 173 200 196 
181 158 143 143 158 173 181 181 185 185 189 158 170 181 170 158 139 
139 150 154 158 170 173 177 143 154 170 173 166 162 162 162 166 170 
177 181 181 140 140  68  16  53  48  48  48  48  53  48  44  48  48 
 53  48  70  99  82  70  74 127 115  74 103 127 135 107 154 158 162 
162 162 139 146 170 162 158 146 139 139 146 143 146 170 173 170 162 
162 158 154 162 166 162 166 162 166 177 158 143 158 150 150 131 139 
139 154 158 173 177 177 158 166 173 177 181 181 177 173 177 181 177 
181 181 177 185 185 192 192 170 166 185 185 170 143 131 135 154 162 
170 173 173 177 173 146 162 166 166 139 127 131 139 143 154 158 162 
166 131 146 162 162 154 150 150 154 158 162 170 170 173 140 140  68 
 16  48  44  53  48  53  57  48  48  53  53  53  53  70 103  87  74 
 74 131 115  74 103 123 139 123 154 166 162 170 162 146 150 166 173 
158 146 139 139 150 146 150 173 177 177 170 166 166 162 162 166 166 
166 166 173 181 166 154 158 154 150 139 139 146 158 158 162 177 177 
166 177 177 177 181 177 173 181 177 181 181 177 181 181 185 189 189 
196 173 166 192 185 170 146 135 139 154 166 170 177 177 181 181 146 
158 173 166 146 131 131 139 146 154 162 170 170 135 154 166 162 158 
154 154 154 154 162 170 173 173 140 140  68  16  53  44  48  53  53 
 53  57  53  48  57  53  53  74 115  91  74  74 135 103  74  95 123 
139 127 158 166 162 162 162 146 154 170 170 158 154 139 143 150 146 
146 173 177 173 170 166 162 158 166 166 170 166 162 173 181 162 158 
150 154 154 146 139 139 146 146 158 170 166 162 173 177 170 177 181 
177 181 173 181 181 181 173 181 185 192 189 200 173 173 192 185 173 
150 139 139 154 166 166 177 173 181 177 146 162 170 166 146 131 135 
139 150 154 162 170 166 135 150 162 166 158 154 154 154 158 162 166 
170 177 140 140  68  16  53  48  48  53  53  53  53  53  53  53  53 
 48  78 115  91  74  82 139 103  70  95 127 143 123 162 166 158 166 
166 146 154 166 166 162 150 143 143 150 146 150 173 185 173 170 166 
162 158 166 162 166 162 162 166 181 162 154 158 150 150 150 135 143 
158 146 154 154 166 158 170 189 177 177 177 177 181 177 181 181 181 
181 189 189 192 189 196 173 173 192 189 170 154 139 143 154 162 170 
177 177 181 181 150 162 173 166 150 135 135 139 150 154 162 170 166 
131 154 166 162 154 158 150 158 158 162 166 170 173 140 140  68  11 
 53  48  53  53  53  53  53  48  53  53  53  53  74 111  82  74  82 
139  95  78  99 127 139 131 162 166 166 162 166 143 154 166 162 166 
150 135 143 150 146 154 173 177 177 173 166 158 158 166 162 162 166 
162 173 177 154 150 150 154 150 146 143 139 143 146 154 158 166 154 
162 185 166 177 173 177 177 177 177 181 181 185 185 185 189 196 200 
177 166 192 189 173 146 143 139 158 162 170 173 181 177 177 146 162 
173 166 146 131 131 143 143 154 158 170 162 135 154 166 162 158 154 
154 150 158 166 170 170 177 140 140  68  21  53  48  48  53  53  57 
 48  53  48  57  57  53  74 107  82  66  87 139  91  78 107 119 146 
131 162 166 166 166 162 143 158 170 166 166 150 143 143 154 150 154 
177 177 177 170 166 162 158 158 166 166 166 170 170 170 150 154 143 
150 162 150 143 146 139 143 146 158 154 146 154 170 162 166 170 177 
173 173 177 177 177 177 177 181 181 185 192 177 170 196 189 170 146 
135 139 150 166 170 177 177 177 177 150 166 173 158 146 131 131 143 
146 158 158 170 162 131 154 166 162 154 154 154 158 158 166 170 170 
173 140 140  68  11  53  53  48  48  53  57  53  53  48  57  53  57 
 70  95  87  70  82 135  91  78 103 127 143 127 158 166 162 166 162 
143 154 170 173 162 150 139 143 150 143 158 173 181 173 162 162 158 
162 162 162 162 158 158 158 166 146 150 158 143 150 154 139 146 139 
146 143 139 139 139 146 150 146 150 158 166 170 177 173 173 177 177 
173 181 181 189 192 173 170 189 185 166 146 135 135 150 166 170 173 
177 177 177 146 158 173 154 146 131 131 143 150 150 158 170 162 135 
154 162 158 154 154 158 154 162 162 162 170 170 140 140  68  21  57 
 48  48  53  57  48  57  53  48  57  53  57  74  99  82  66  82 139 
 87  82 103 131 146 123 162 166 166 166 166 143 154 170 170 166 146 
139 139 150 143 158 170 177 166 162 150 150 158 158 162 146 158 162 
162 170 146 139 150 146 146 146 143 139 146 135 143 131 127 131 131 
131 146 139 150 177 173 177 177 185 177 181 185 185 192 189 192 158 
170 177 185 166 146 135 143 150 166 177 177 181 177 177 146 162 173 
158 146 127 131 139 143 150 154 166 162 127 158 158 158 158 154 154 
154 158 166 166 166 173 140 140  68  16  53  48  48  53  57  57  53 
 53  57  53  57  53  74 107  82  61  82 139  82  78  99 131 150 123 
162 170 166 166 162 143 154 166 170 166 154 139 139 150 146 158 170 
158 158 154 154 150 143 143 139 139 150 146 146 154 146 143 150 150 
146 139 139 143 143 143 119 131 127 127 123 119 119 127 143 162 154 
158 158 170 170 173 177 181 185 177 181 170 158 173 177 166 146 131 
143 150 166 173 177 181 173 177 146 166 173 158 146 127 139 139 146 
154 158 166 158 131 154 162 162 158 154 154 150 162 162 173 170 177 
140 140  68  16  57  44  48  53  53  57  57  53  48  53  53  53  70 
115  82  66  82 139  82  78  95 131 154 127 158 173 162 166 162 146 
150 170 170 166 146 139 139 146 143 154 173 162 162 146 146 150 154 
143 139 139 135 143 143 139 143 143 143 135 143 135 143 146 139 139 
127 131 119 135 150 139 135 119 131 139 146 158 162 170 170 166 166 
177 185 181 189 162 154 181 185 166 146 131 143 154 166 166 177 177 
177 173 146 166 173 158 143 127 135 139 146 158 162 170 154 139 162 
162 162 162 154 154 158 158 170 170 166 177 140 140  68  11  57  48 
 53  53  53  53  53  48  48  53  53  53  70 107  78  66  91 139  78 
 78  91 127 150 119 162 170 166 158 162 143 154 166 170 158 150 135 
143 150 139 146 158 154 162 154 150 143 135 131 135 146 139 135 135 
139 127 143 139 135 139 135 146 146 143 131 135 135 123 127 143 127 
135 127 127 135 139 158 154 162 146 154 166 170 173 173 185 154 166 
185 181 170 143 135 139 158 166 177 177 181 177 177 146 166 170 158 
143 131 131 139 146 154 162 170 158 135 158 162 166 154 158 154 162 
162 166 170 170 177 140 140  68  21  53  48  48  57  53  53  53  53 
 48  48  57  53  74  99  82  66  91 135  82  74  95 127 154 123 158 
170 170 162 162 146 154 166 170 162 150 139 135 158 150 158 154 162 
150 146 139 146 150 143 154 154 146 150 146 150 139 143 143 150 143 
135 139 143 143 131 139 135 127 127 139 139 135 135 135 135 131 139 
150 146 143 143 146 170 177 177 173 170 170 189 181 166 143 135 143 
158 166 170 177 181 177 177 143 170 170 162 146 131 131 139 146 158 
162 170 154 139 162 162 166 158 158 162 158 162 170 170 173 173 140 
140  68  11  57  48  53  53  53  53  53  53  48  48  53  53  70  95 
 74  61  95 139  78  78 103 139 154 123 158 166 166 166 162 146 154 
170 170 166 146 146 143 150 135 154 154 146 143 154 146 139 139 139 
143 162 162 146 146 143 135 146 143 139 146 143 135 143 143 139 139 
127 135 119 131 146 131 119 119 131 135 139 139 139 146 139 131 123 
154 177 173 158 170 181 173 158 143 139 139 150 166 170 177 177 185 
173 146 166 170 158 146 127 131 143 146 154 162 170 158 139 162 166 
166 158 162 162 158 166 177 173 173 181 140 140  68  11  57  48  48 
 53  53  53  57  48  48  53  57  53  70 103  82  66  99 135  74  78 
103 135 146 119 162 166 166 166 166 143 158 170 170 166 146 139 143 
143 146 139 139 146 146 143 143 143 139 139 127 146 150 146 154 146 
146 135 154 139 135 139 131 135 127 139 131 131 127 107 131 131 111 
127 135 119 131 143 150 143 139 146 154 150 135 150 170 154 162 170 
170 162 146 131 139 143 158 173 177 181 177 173 146 170 166 162 139 
135 131 139 150 158 166 173 154 139 162 162 166 158 158 158 162 166 
173 173 173 177 140 140  68  11  53  48  48  53  57  53  53  53  48 
 53  53  53  70  99  82  66  99 135  74  82 103 131 143 115 158 166 
170 170 162 143 150 170 166 150 139 135 139 143 146 139 139 139 143 
131 135 143 139 143 150 139 143 150 166 154 150 158 150 162 139 146 
135 135 143 139 131 131 127 123 127 119 131 154 131 123 111 135 123 
135 139 150 162 154 162 146 166 162 158 170 166 154 143 135 135 150 
162 177 173 177 181 170 146 170 170 158 139 127 131 139 146 158 166 
170 150 143 162 162 162 158 162 162 166 170 166 173 177 177 140 140 
 68  11  48  48  48  48  48  53  48  48  48  57  53  53  70 103  82 
 61 103 131  70  78 103 127 139 115 162 166 158 166 162 146 150 170 
162 162 135 131 131 135 131 127 127 135 139 127 139 143 150 150 158 
154 154 150 170 162 162 158 158 158 146 150 150 146 150 143 135 127 
123 131 135 135 143 127 135 119 127 139 146 146 146 146 154 162 162 
162 154 158 162 170 170 154 143 135 131 143 158 173 177 177 177 173 
146 166 166 162 143 127 127 143 150 162 162 173 146 143 166 166 162 
158 158 162 166 170 170 173 173 177 140 140  68  11  53  44  53  48 
 48  53  53  48  48  53  53  53  70 107  87  61 103 131  70  87  99 
115 135 119 154 166 162 170 166 146 154 162 166 162 139 127 127 131 
127 127 127 123 119 127 131 131 139 139 139 150 158 158 158 158 166 
170 166 158 150 150 154 150 146 139 135 135 127 143 131 123 146 135 
135 111 139 158 107 131 150 177 170 166 170 166 162 158 154 162 154 
154 143 135 135 143 154 170 185 177 181 170 146 170 166 162 143 127 
127 143 154 162 162 173 143 143 170 162 162 162 158 162 166 166 170 
170 170 177 140 140  68  11  48  48  48  53  53  53  48  48  53  48 
 57  53  66 107  82  66 107 131  70  87  91 107 139 123 158 166 166 
170 162 143 154 170 166 158 139 135 135 135 123 119 123 127 123 119 
123 127 139 135 143 131 131 150 154 173 173 177 170 158 158 146 146 
154 150 143 139 146 139 150 135 139 139 131 135 111 173 146 103 103 
131 170 170 173 170 173 162 154 154 154 158 150 143 131 135 143 162 
173 177 181 185 173 146 170 173 158 143 131 135 143 150 158 166 170 
146 143 162 166 162 158 158 162 170 166 170 170 166 177 140 140  68 
 16  48  48  48  48  53  48  48  48  44  48  53  53  66 107  78  70 
107 131  70  82  91 111 139 119 158 162 166 170 166 146 154 166 154 
158 139 127 123 127 127 127 139 131 119 115 119 127 127 123  95 107 
123 143 158 158 162 162 166 166 154 158 146 158 146 146 146 154 143 
162 131 131 139 143 139 135 170 131 115 115 127 135 146 166 177 181 
185 173 170 170 158 154 143 135 131 150 162 173 177 181 185 170 146 
170 173 158 135 127 131 143 150 158 158 173 143 146 170 162 170 162 
162 162 166 162 170 170 170 173 140 140  68  16  53  48  44  53  53 
 48  48  53  48  48  53  53  66 107  82  66 107 131  74  87  91 123 
143 119 158 166 162 166 166 146 158 166 154 154 146 127 135 150 131 
127 127 123 135 135 135 135 123 119 135 135 158 154 139 146 143 154 
158 158 173 154 162 170 162 162 150 162 162 162 139 143 146 135 139 
154 162 139 119 135 131 115 135 146 158 177 177 170 173 177 181 166 
150 143 146 139 158 170 177 181 181 173 150 170 173 158 143 123 131 
143 150 154 166 173 146 146 166 162 166 162 162 162 162 162 170 170 
166 173 140 140  68  16  48  48  48  53  53  57  48  48  48  53  53 
 57  66  95  78  70 115 131  70  87  95 123 143 119 162 166 166 166 
162 146 158 166 158 150 131 131 127 127 127 127 131 127 131 131 131 
135 139 123 139 162 146 143 127 131 139 154 150 162 166 166 162 177 
170 170 170 162 158 166 150 146 146 146 127 139 154 146 131 154 135 
146 135 127 135 162 181 177 170 177 170 162 139 139 143 143 150 166 
166 170 181 173 150 173 173 154 139 131 131 143 150 158 162 177 143 
154 166 162 162 166 162 162 162 166 170 166 170 173 140 140  68  16 
 53  48  44  53  53  53  48  48  44  48  53  53  66  91  78  66 119 
119  66  87 103 123 143 119 162 170 162 166 162 146 158 166 154 143 
135 131 135 139 127 131 135 127 131 119 127 135 135 139 143 150 139 
143 111 127 150 162 162 146 166 166 177 177 170 162 170 177 166 166 
166 162 158 162 135 135 143 146 139 146 139 150 143 146 143 143 131 
131 150 166 170 154 139 139 139 135 146 150 170 166 177 173 150 173 
173 154 135 127 127 139 150 158 162 173 143 146 166 170 166 162 166 
162 158 166 170 162 173 173 140 140  68  16  53  44  48  53  53  53 
 53  48  48  53  53  48  70  95  74  66 127 107  66  82  99 131 143 
115 158 166 162 166 162 146 154 162 154 154 139 131 139 146 139 127 
143 135 127 131 123 139 158 162 139 143 139 127 127 154 166 170 177 
162 162 166 162 154 162 154 162 158 154 158 154 154 158 154 143 131 
131 139 143 146 146 143 146 143 135 143 146 143 135 135 154 158 150 
146 143 139 143 158 177 166 181 173 154 173 173 154 139 131 135 143 
158 158 162 173 143 154 162 166 162 162 162 154 162 170 170 170 166 
173 140 140  68  16  53  44  53  48  53  57  48  44  53  48  57  48 
 66 103  78  70 127  95  66  82  99 123 139 115 158 166 158 162 162 
146 158 166 166 158 143 131 135 131 131 135 143 135 135 123 119 143 
146 139 143 150 150 139 158 173 177 181 177 173 166 170 158 150 166 
150 150 173 166 158 146 162 162 158 154 143 143 146 135 131 143 139 
127 131 131 139 150 146 150 146 143 135 135 131 135 150 143 150 162 
170 181 177 150 173 170 158 139 127 131 146 158 158 170 170 135 154 
162 166 166 166 162 158 166 166 170 166 166 177 140 140  68  16  53 
 48  48  53  53  53  57  48  48  48  53  48  66 103  78  74 131  91 
 66  78  95 115 131 107 158 170 166 166 158 143 154 166 166 146 143 
127 135 127 127 143 143 123 115 131 139 146 150 139 143 158 162 170 
170 170 192 185 177 162 162 166 154 162 166 166 150 158 170 177 162 
158 154 158 154 146 139 143 139 127 135 139 131 131 127 131 115 139 
127 143 158 146 131 135 135 135 146 170 162 166 185 181 154 173 170 
154 139 131 135 146 154 158 166 170 139 150 162 166 162 158 162 162 
162 166 166 170 170 173 140 140  68  16  48  44  53  53  48  53  48 
 48  48  53  53  53  66  95  78  74 127  95  66  78  91 107 119 107 
158 166 162 162 162 143 154 166 166 150 131 123 119 135 127 135 127 
107 103 115 135 150 135 135 135 154 158 162 158 150 173 173 166 154 
158 154 162 166 170 170 170 166 170 166 162 166 162 158 154 154 143 
146 135 131 131 135 135 127 115 119 143 139 139 143 139 135 143 143 
139 146 150 154 166 162 170 177 158 173 173 154 139 131 135 150 154 
154 166 166 135 150 162 170 162 154 162 158 162 166 162 166 170 173 
140 140  68  16  53  44  53  53  53  53  48  44  48  53  53  48  66 
 95  74  74 135  95  66  78  91 111 111 107 158 170 162 162 166 143 
150 166 166 146 131 127 127 119 123 123 123 107  99 119 139 143 139 
135 150 131 143 139 143 146 154 154 154 158 166 170 162 162 173 177 
173 173 173 170 166 166 154 154 158 150 146 146 139 135 143 131 127 
131 127 135 131 135 146 150 143 150 131 146 166 158 162 150 139 150 
150 146 154 177 170 154 139 131 135 150 150 158 166 170 131 154 166 
162 162 158 158 158 162 158 166 170 166 173 140 140  68  16  48  48 
 48  48  48  48  48  48  48  48  53  48  66  95  74  74 127  95  66 
 74  91 111 119 107 162 166 162 166 162 146 150 166 162 154 139 115 
123 123 123 119 111 111 103 127 139 146 135 139 139 123 135 135 146 
150 154 150 158 166 162 166 166 166 181 181 177 177 177 177 166 162 
150 154 154 150 143 143 146 143 139 135 123 127 115 119 123 123 127 
139 139 139 162 162 139 131 131 139 135 135 146 135 127 166 170 154 
135 131 131 150 154 158 162 166 135 154 162 166 162 158 158 154 158 
166 158 166 166 173 140 140  68  11  53  48  44  53  53  53  48  44 
 48  53  48  48  66  95  74  70 131  91  66  78  91 119 127 107 158 
166 162 162 166 146 154 166 166 150 143 123 127 135 135 131 119 115 
123 123 131 119 131 146 127 123 123 139 146 150 154 158 158 158 170 
170 173 181 181 185 181 181 181 185 181 170 166 150 150 150 150 139 
150 143 143 131 135 135 119 123 107 115 127 139 139 158 150 119 111 
123 119 119 131 139 127 135 135 146 166 158 135 131 135 146 154 158 
170 162 131 158 162 158 162 158 158 154 154 162 166 166 166 170 140 
140  68  11  53  48  48  48  53  53  53  53  48  48  53  53  61  99 
 70  70 135  87  70  70  91 115 127 111 158 166 162 166 162 146 154 
170 162 158 139 123 139 135 131 139 123 115 115 139 135 139 135 139 
115 119 127 143 143 146 162 166 170 173 177 173 189 185 189 181 185 
181 185 185 177 170 162 154 146 146 143 131 135 150 146 135 131 139 
135 123  99 111 115 131 135 131 111  99 107 111 107 119 119 146 146 
143 135 131 154 158 139 131 131 146 154 166 166 166 131 158 162 162 
158 162 154 158 154 162 166 162 166 173 140 140  68  11  53  48  48 
 48  53  48  48  53  44  48  53  48  61  95  70  70 135  87  61  70 
 87 111 127 111 162 170 158 166 166 139 154 166 166 154 139 131 139 
143 131 127 123 123 143 139 135 143 166 119 115 127 131 143 146 158 
166 162 162 166 162 166 170 170 173 181 189 185 189 185 181 177 166 
154 139 139 143 135 135 139 146 131 127 123 158 162 143 131 135 131 
127 111 107 123 111 127  87  82  82 107 162 154 131 127 150 154 139 
127 131 146 150 158 170 162 131 158 162 162 158 162 158 154 158 162 
166 166 170 170 140 140  68  16  53  44  48  48  53  53  53  44  48 
 48  53  53  61  91  70  70 143  82  66  66  78 119 127 107 162 170 
162 170 166 143 158 173 166 150 135 131 135 135 123 127 139 127 139 
146 139 146 150 103 115 123 127 135 150 162 170 170 177 185 189 192 
200 196 196 196 204 196 192 192 185 181 170 150 143 143 135 135 135 
139 143 135 143 127 127 158 158 154 154 146 131 131 135 131 131 111 
 99  87  82  87 146 146 127 131 162 154 139 131 131 150 150 158 170 
162 135 162 162 162 166 162 154 158 154 162 166 166 166 170 140 140 
 68  16  53  48  48  53  57  53  57  48  48  53  53  53  57  91  70 
 78 135  78  66  66  99 143 146 131 162 173 162 170 166 139 158 173 
162 154 131 135 135 127 111 143 131 146 170 150 143 154 127 107 111 
111 127 143 166 170 162 173 181 181 181 189 192 192 189 192 192 200 
189 177 173 162 158 150 146 143 143 139 139 139 139 143 139 143 135 
150 177 154 139 139 127 135 131 131  99  95 131 123 123 115 135 143 
135 154 162 154 143 127 131 146 150 162 166 158 131 158 162 162 162 
158 158 158 162 166 170 166 166 173 140 140  68  16  57  44  53  53 
 57  57  57  53  48  53  57  57  66  95  70  82 143  74  57  82 139 
170 177 154 166 170 162 166 166 143 162 170 166 150 143 123 127 119 
131 123 115 170 150 131 131 143 119 103 107 119 119 135 150 170 177 
185 181 185 185 192 200 192 196 192 192 200 196 189 189 170 162 154 
154 146 146 135 139 135 143 150 158 150 131 143 162 170 162 150 139 
131 127 119 107 119 131 123 123 127 135 146 143 158 162 154 143 135 
131 143 150 158 170 158 135 162 162 162 162 158 158 158 162 166 166 
166 166 170 140 140  68  16  48  44  48  48  48  53  48  44  48  48 
 53  53  61  91  74  87 139  70  61  95 143 177 192 150 150 166 162 
166 166 143 158 173 162 154 139 119 119 135 131 103 123 154 146 146 
139 146 123 107 119 119 127 139 158 173 173 173 173 189 192 189 189 
196 192 189 204 204 196 185 189 166 170 166 162 146 150 139 143 139 
139 150 154 150 139 139 139 150 158 162 146 123 107 123 139 166 135 
111 123 135 139 154 135 139 154 154 143 139 135 146 154 158 166 158 
139 166 162 162 166 162 162 158 162 166 162 166 166 170 140 140  68 
 11  44  44  48  44  48  48  44  44  48  48  48  48  57  74  66  82 
139  74  57 111 139 181 204 143 139 162 158 166 162 146 158 170 166 
154 139 115 115 131 131 127 123 158 154 143 139 146 115 107 119 119 
135 143 158 173 181 185 189 177 181 192 192 192 196 192 189 189 185 
189 173 173 166 162 166 154 154 143 146 143 135 146 150 162 146 127 
131 146 150 166 158 146 162 162 150 139 135 143 131 123 115 123 123 
123 111 146 139 131 135 146 150 162 170 158 143 162 166 166 158 162 
158 158 162 166 162 166 170 173 140 140  68  16  53  44  48  48  53 
 48  57  48  48  48  57  57  61  61  61  87 139  66  66 123 143 166 
200 139 131 158 162 166 162 139 162 170 166 150 143 127 127 139 131 
119 135 154 143 150 127 146 111 111 123 127 143 143 158 177 189 189 
185 189 192 185 189 189 185 189 196 200 192 200 192 192 181 173 162 
158 162 146 150 139 135 143 146 158 162 135 123 131 158 154 162 158 
146 158 158 154 158 139 107  99 103  99 107 115 107 135 139 131 139 
143 154 158 170 158 143 162 166 166 162 162 158 158 162 162 162 166 
166 173 140 140  68  16  57  44  48  53  53  53  53  44  48  48  53 
 53  53  57  61  91 135  61  70 123 139 177 181 143 123 154 162 166 
166 146 162 170 166 154 143 123 123 131 131 131 135 127 150 158 154 
150 119 115 119 127 150 158 173 189 189 192 196 192 192 189 192 189 
189 181 189 204 204 200 200 189 185 181 166 166 158 150 154 139 139 
143 154 154 154 158 143 131 139 162 146 150 146 154 150 146 131 115 
107  95  91  95 107 123  82 103 143 131 135 146 154 162 173 154 139 
170 166 166 166 158 158 158 158 162 166 170 166 170 140 140  68  16 
 53  48  48  53  53  53  53  48  44  53  53  53  57  57  53  95 139 
 57  61 115 139 177 196 131 127 150 162 166 166 143 166 173 162 154 
143 135 135 131 139 146 119 139 154 158 166 158 127 111 127 135 150 
154 158 154 158 189 200 189 200 196 189 185 200 185 185 192 177 170 
166 166 173 166 158 154 162 158 143 143 143 143 146 150 154 162 162 
139 139 154 154 146 143 131 139 127 119 131 111  95  91  91  91 119 
 53 123 143 127 139 146 154 158 173 146 143 170 166 162 162 166 158 
162 162 166 166 170 170 177 140 140  68  16  53  53  48  53  53  53 
 53  48  53  53  57  53  53  57  53  95 135  57  61  95 123 162 200 
139 127 150 166 166 162 143 166 173 162 150 139 135 143 143 146 131 
107 115 131 143 154 143 127 107 131 131 107  95  87 135 135 162 192 
196 207 204 196 192 204 185 185 170 131 127 119 119 135 131 139 154 
162 158 146 135 139 143 139 143 150 150 170 150 143 135 150 146 143 
127 119 127 119 127 119  78  91  99  95  57 103 146 127 139 139 143 
150 158 173 146 146 166 162 166 166 158 162 162 162 162 166 173 166 
177 140 140  68  16  53  48  48  53  48  53  53  53  48  48  53  53 
 57  53  53  95 135  57  66  70  82 127 166 131 127 162 162 166 162 
146 162 173 166 150 139 135 143 143 127 111  82 103 131 127 135 143 
115  99 127 111  70  70  99 139 146 150 177 181 200 200 196 196 200 
185 173 158 135 119 123 123 131 131 135 139 162 158 150 135 143 146 
146 139 143 150 173 162 143 146 154 143 127 127 131 115 111 107 119 
103  82 107 115 115 162 146 139 131 139 146 154 158 170 146 146 166 
166 166 162 162 158 162 166 166 170 166 173 177 140 140  68  16  53 
 44  48  53  48  57  48  48  48  53  53  53  53  53  48  99 127  57 
 74  66  70 135 162 135 154 166 162 162 162 139 166 173 158 150 139 
135 139 146 123  99  82 107 119 127 131 131 115 107 115 115 111 146 
143 139 131 135 150 166 185 185 192 189 196 185 173 154 135 115 119 
131 131 139 150 143 143 150 143 135 135 150 146 139 139 146 146 154 
150 143 143 135 135 146 143 131 103  99 107 139 107 111 123 154 154 
123 127 131 131 143 154 162 173 143 146 170 166 166 158 166 162 162 
162 166 170 170 170 173 140 140  68  11  48  44  48  48  48  53  48 
 44  48  48  53  48  53  53  48  99 123  57  70  66  87 111 143 139 
139 143 158 162 162 143 162 173 166 150 139 135 146 150 107  87  78 
 95 103  99 111 131 111 107 107 131 150 154 127 131 131 131 119 143 
166 177 185 185 181 166 162 139 135 139 135 123 135 123 139 158 143 
131 139 139 139 150 150 154 150 146 150 170 173 139 127 150 131 131 
143 146 135 127 103 123 123 111 127 150 143 131 135 123 135 146 154 
162 170 143 150 170 162 166 162 162 162 158 162 162 170 166 170 173 
140 140  68  16  48  44  48  48  48  48  48  48  44  53  53  53  48 
 57  48 103 127  53  70  70  95  91  78  95 119 131 158 166 158 146 
162 173 166 150 139 139 146 146 111  82  70  95  82  74 107 127 111 
107  91 131 150 115 127 154 154 139 135 119 119 166 181 181 170 154 
139 143 150 131 131 127 143 150 143 135 154 131 131 143 139 150 154 
150 143 158 154 173 170 146 123 135 135 119 131 139 146 139 127 127 
 99 107 115 123 146 143 131 127 135 146 154 158 173 139 150 166 158 
166 162 162 158 158 166 162 170 173 166 173 140 140  68  11  48  48 
 48  48  48  48  48  48  44  48  53  48  48  53  48 107 119  53  70 
 74  87 103  91  91 143 166 162 166 162 143 166 177 166 146 139 135 
150 143 119  70  78  78  66  66  78 143 115 107  87 131 131 119 119 
103 111 127 119 131 115 127 189 189 162 143 139 135 123 111 139  99 
 74  53  95 115 135 146 139 146 143 146 162 154 143 154 150 162 154 
131 123 107 115 127 135 131 131 143 146 123 115 119 146 166 143 139 
131 131 143 146 150 158 173 139 154 162 162 166 166 158 158 158 158 
162 173 173 170 177 140 140  68  16  48  44  48  48  48  53  53  44 
 48  53  53  57  61  66  57 111 115  57  66  74  87  95 107 111 158 
170 166 162 162 143 170 173 166 154 135 139 146 143 123  57  99  78 
 53  57  57 119 119 107  95 127 107  70 139  57  87  82 146 123 131 
115 181 189 154 150 143 150 143 131 211 119  48  57 143  87 115 143 
139 154 146 158 166 154 146 146 154 162 154 131  99  87  99 103 115 
135 127 135 150 143 119 123 139 162 143 131 135 131 135 146 154 162 
170 139 154 166 166 166 166 158 162 158 162 166 173 173 170 177 140 
140  68  11  48  44  44  48  53  48  48  48  48  48  57  53  57  82 
 66 115 115  57  70  74  87 107 111 115 158 170 170 173 162 146 166 
177 166 150 135 139 146 139 119  95 103  78  57  44  48  95 111 111 
111 123  95  66 177  82  44 131 185 146 162 127 185 185 162 150 143 
200 177 162 173 185 131 150 173 127 127 131 146 162 166 162 166 154 
139 143 143 135 146 107  74  70  82  95  91 135 139 131 131 139 131 
119 131 162 143 139 139 131 139 150 150 166 173 139 158 166 166 162 
162 162 158 158 162 166 170 173 166 177 140 140  68  11  48  39  44 
 44  48  44  44  44  44  44  48  44  57  82  66 115 111  57  74  74 
 87 111 111 111 158 170 170 166 162 143 166 173 166 154 139 135 150 
135 119 146  82  95  57  57  61  57  99 123 123 131 107 123 158 170 
143 189 181 192 166 131 166 170 158 150 143 177 177 173 158 154 166 
143 127 135 158 146 139 158 170 173 162 146 139 135 135 107 123  74 
127 103  70  74 119 123 115 103 111 131 123 111 119 166 154 139 139 
135 139 150 154 166 170 139 162 170 166 162 162 162 158 158 162 162 
177 170 166 177 140 140  68  11  48  44  48  48  48  48  48  44  44 
 48  53  48  53  78  70 123 107  57  70  74  91 111 107 107 158 170 
170 170 162 143 166 177 166 150 139 139 150 143 127 150 119  87  61 
 66  82  48  87 119 135 119 139 119 115 123 143 146 162 185 143 135 
166 166 154 143 158 170 181 170 173 177 173 162 158 158 166 166 181 
181 173 166 154 150 139 139 127 107  61  91 170 135 111  78 123  91 
111  82 103 119 107 123 127 162 158 143 139 139 139 150 154 166 170 
139 158 170 166 166 162 162 162 158 162 166 173 173 170 181 140 140 
 68  16  53  44  44  48  53  44  48  48  48  48  53  48  57  78  78 
127  95  57  70  74  87 111 107 107 162 170 166 166 166 146 166 173 
166 146 139 143 154 143 139 143 131 131 119  91 119  87  87 127 154 
146 143 143 139 146 150 162 185 170 127 127 173 170 154 143 154 158 
189 189 177 166 173 170 166 170 170 181 177 154 170 166 143 143 139 
135 115  99  70 146 181 158 115  82 107  78  95  87  82 119  99  91 
103 135 162 146 139 143 139 150 150 162 170 139 162 170 170 162 166 
158 158 162 158 162 173 173 170 177 140 140  68  16  48  44  48  48 
 48  48  53  44  44  53  48  53  57  78  82 127  95  57  70  78  91 
107 107 111 162 166 166 166 162 146 170 173 166 146 139 143 146 146 
135 150 139 131 127 107 131 103  99 123 154 166 150 139 146 154 170 
166 173 154 119 127 170 170 154 143 158 154 170 196 200 189 189 185 
185 173 173 185 173 166 166 162 143 135 127 135 103 119 150 192 196 
170  91  78  82  91  95  99 103 107 103 111 127 115 158 150 139 143 
135 150 150 166 170 139 162 170 166 162 162 162 154 158 162 166 177 
170 166 173 140 140  68  16  53  44  48  48  48  53  48  48  44  48 
 53  53  57  82  82 131  87  61  70  78  87 103 103 107 166 170 170 
170 162 143 173 177 166 150 139 143 154 150 154 146 135 123  95 111 
139 119 135 115 150 166 162 154 162 166 173 158 173 143 119 135 166 
170 154 146 154 158 162 177 192 204 200 196 181 181 189 185 192 181 
166 146 139 131 123 127 111 127 127 200 200 150  82  95  70  78 111 
111 119 115 119 131 146 135 146 150 139 139 139 146 150 166 173 139 
162 173 170 166 162 158 154 162 166 170 177 177 170 173 140 140  68 
 16  48  39  48  48  44  53  44  44  48  48  53  53  57  74  74 131 
 78  66  66  78  87  91  91 107 166 170 170 170 158 143 177 173 170 
154 139 143 158 150 166 173 127 119  87  95 139 127 146 111 146 162 
170 162 166 177 170 166 170 143 123 150 173 173 166 150 158 166 158 
170 181 192 204 204 196 192 189 185 189 177 166 146 135 123 127 123 
115 119 119 173 170 127  57  87 107  95  91 107 139 123 123 123 146 
139 119 150 139 139 135 146 158 170 170 143 162 173 170 170 162 162 
158 166 170 173 177 181 170 177 140 140  68  16  48  44  48  48  48 
 53  53  44  48  53  48  53  53  70  70 127  82  61  66  74  87  95 
 91 107 166 166 170 170 162 146 173 173 170 146 139 143 162 150 162 
185 162 115 103  70 107 146 123 103 143 158 177 177 173 166 170 166 
162 143 143 170 185 177 170 158 146 154 166 166 173 189 189 196 196 
192 181 181 181 185 166 143 135 123 127 119 119 107 192 166 150 143 
 87  91  99 135  95  70 139 143 123 123 139 131 115 143 135 131 139 
150 158 166 166 143 162 173 166 162 166 158 158 166 170 170 177 181 
173 181 140 140  68  16  44  48  48  48  53  48  44  44  48  48  48 
 53  53  70  70 131  82  66  70  74  87  99  95 115 158 166 170 170 
162 146 177 173 170 146 143 146 162 154 166 177 173 127  87 111 119 
150 123  95 131 162 166 173 166 162 170 173 162 150 150 185 196 185 
173 162 139 146 162 185 185 185 189 185 189 192 185 185 177 173 173 
143 131 123 135 119 119 127 211 173 170  87  87  99 119 115 103  91 
123 162 150 135 135 111 139 150 135 135 139 150 154 166 166 143 166 
177 173 162 162 158 166 166 170 170 177 177 170 177 140 140  68  11 
 48  53  48  48  53  44  48  53  48  48  53  53  57  74  70 135  74 
 66  70  74  82 103 107 115 158 170 170 170 158 154 170 177 166 154 
143 146 166 154 170 185 181 177 135 150 143 162 143  99 123 166 170 
166 170 170 173 173 181 158 166 196 204 207 189 170 146 162 150 181 
192 200 192 185 192 181 185 181 177 177 166 146 131 127 127 115 111 
143 211 177 139  91  91  99 119  95  91 123 127 146 158 107 131 119 
150 146 139 135 139 146 154 170 166 150 170 177 170 162 166 162 166 
166 173 177 181 177 173 181 140 140  68  11  48  48  48  53  48  53 
 48  48  48  48  53  53  53  74  74 131  66  66  70  74  87  99 103 
119 166 166 170 166 158 154 177 177 170 150 146 146 162 150 173 185 
181 181 181 158 143 143 150 131 111 150 162 162 166 173 181 181 185 
150 170 200 222 215 192 173 150 173 150 170 185 200 204 196 196 185 
181 181 181 170 162 146 131 123 123 119 103 139 200 185 146 119  78 
 87 111  95 123 143 127 111 162 127 127 143 158 146 135 135 135 150 
158 173 162 146 173 173 166 166 162 158 170 170 173 177 185 177 173 
185 140 140  68  11  48  48  53  48  53  48  48  44  48  48  48  53 
 53  66  82 135  61  70  70  74  87  95 103 123 162 170 170 170 162 
154 177 177 170 150 146 146 162 154 173 185 185 181 166 162 146 103 
123 127 111 139 150 162 170 181 181 185 170 139 150 185 200 200 181 
150 162 185 154 173 200 181 207 200 200 185 185 177 173 162 154 154 
131 119 127 119 107 173 185 185 111 107  91  87 115 107 115 127 131 
139 162 135 146 154 154 139 131 131 135 146 154 170 158 146 177 173 
162 162 158 162 173 173 166 181 185 181 181 181 140 140  68  16  48 
 44  48  53  48  48  48  44  48  48  48  53  53  70  82 131  61  70 
 66  74  91  95 107 119 162 166 173 170 166 150 177 173 166 154 143 
146 166 150 177 181 185 181 170 166 135  87  99 119 107 143 143 154 
170 185 189 181 181 107  95 154 173 166 143 103  78 115 111 181 204 
192 185 207 192 185 185 170 173 166 166 150 127 119 123 115  95 158 
166 119  44 111  99  78 119 127 127 143 150 162 158 131 146 154 146 
131 127 131 131 143 154 170 154 150 173 173 162 162 166 166 173 173 
173 177 185 185 181 185 140 140  68  11  53  44  48  48  53  48  53 
 48  44  53  53  48  57  74  82 127  57  66  66  70  91 103 103 119 
162 170 170 173 162 150 177 181 166 150 146 146 166 154 170 185 181 
173 166 158 143 103 103 123 111 135 135 150 173 185 192 181 181 123 
 66  82 119 107  70  66 123 146 158 204 196 200 189 196 192 181 181 
170 170 166 162 143 119 115 119 107  78  57  61  44  53  95 119 115 
115 119 127 146 158 162 158 119 139 146 139 127 123 119 131 139 150 
170 150 150 173 173 173 170 170 173 181 177 181 185 189 185 185 185 
140 140  68  16  48  48  48  53  48  53  44  48  53  53  48  48  53 
 70  87 123  57  61  70  70  87 107 107 115 166 170 173 173 162 154 
173 181 166 150 143 150 166 154 177 185 181 177 170 170 150 127 127 
131 111 135 131 146 170 189 196 185 185 185 146  91  70  82 103 166 
143 166 200 200 192 189 189 181 192 177 170 166 162 166 162 143 119 
123 111 111  70  48  53  57  78 103 107 119 115 119 123 139 150 158 
146 115 139 135 135 123 115 119 123 139 146 166 150 150 173 173 181 
177 177 177 189 181 185 185 189 189 181 185 140 140  68  16  48  48 
 48  48  53  53  44  48  48  48  53  48  57  66  91 123  53  66  66 
 70  87 103  99 111 166 173 173 173 166 150 177 181 166 146 143 154 
162 154 173 181 189 181 173 166 158 146 139 154 135 135 135 135 158 
166 146 166 166 131 127 139 170 166 146 115 115 123 166 185 170 166 
170 170 170 181 162 166 158 154 158 131 119 115 107 107  53  48  53 
 66  74  82  95 111  95 119 131 135 146 158 146 103 135 131 127 115 
111 115 119 139 143 162 146 150 170 177 177 177 181 181 189 185 185 
189 189 189 185 185 140 140  68  11  48  48  48  48  48  48  48  48 
 44  48  48  53  53  66  91 123  53  61  66  70  87  95  99 107 166 
166 173 173 166 150 177 181 162 150 143 150 162 154 177 185 181 181 
173 166 162 158 150 150 119 123 135 135 146 143 123 135 135 127 127 
139 139 119 123 111 103 127 154 158 173 173 189 189 173 170 162 154 
158 154 150 131 115 115  95  95  53  48  53  57  74  78  95  82  78 
 99 103 119 135 154 143  99 119 131 123 111 103 107 119 131 146 162 
146 146 173 177 177 181 185 181 189 185 185 192 189 192 185 189 140 
140  68  11  53  44  48  48  53  48  53  44  48  48  48  48  53  66 
 99 123  48  66  66  70  91  91  91 107 166 170 173 170 166 150 181 
177 162 150 143 146 162 154 181 185 185 185 173 166 166 162 154 166 
139 111 131 135 158 139 103 119 123 103 115 115 131 107  99  91  95 
119 146 146 154 158 143 162 173 177 166 162 150 150 139 131 119 103 
 91  74  57  66  95  82  95 103 115  70  87 107 107  91 103 107 119 
 95 111 119 111 103  95 107 111 127 146 158 143 150 173 170 173 181 
181 181 189 189 192 189 192 192 185 192 140 140  68  16  48  44  48 
 48  48  53  48  44  44  48  48  48  53  70  99 119  53  70  66  70 
 87  99  91 107 166 170 170 170 162 150 177 177 166 150 139 150 166 
158 181 185 185 185 177 166 166 162 166 162 162 119 123 131 150 139 
 78  95 103  70 103 123 107 107 111  78  66 111  99 131 119 111  91 
143 154 143 158 158 154 143 143 135 123  91  82  61  61 107 115 119 
111 119 111  95  95 107 111  99 103 111 103 111 111 111 107 103  99 
 95 107 127 143 162 135 146 170 177 173 185 181 185 185 189 192 185 
192 185 185 189 140 140  68  16  48  44  48  48  53  48  44  48  53 
 48  53  48  53  66 111 115  53  61  61  70  87  95  99 111 162 173 
170 170 166 150 181 177 170 150 143 150 166 158 185 185 181 185 177 
166 166 162 162 166 166 131 115 123 143 135  87  57  87  61  48  61 
 87  91  87  61  44  70  66  74  78  87  87 115 119 119 162 162 143 
150 143 139 119  70  74  39  99 162 107 123 119 119 115 103 111 111 
 91  99 115 115 119 111 107 111 111 111 119 115 115 127 139 162 135 
143 162 177 173 189 181 185 189 189 192 196 196 192 185 185 140 140 
 68  16  48  44  53  48  48  48  53  44  48  48  44  48  53  66 107 
107  48  61  61  70  87  99  91 111 162 170 173 173 162 150 177 177 
166 146 143 150 166 154 185 189 185 181 177 166 166 162 158 162 162 
143 119 123 135 154 127  61  53  74  82  70  78 131 131 150 135 135 
115 111 119 131 131 115  91 158 177 150 139 135 139 127  95  61  57 
 39 173 177 107 115 119 119 119 111 103  95 107 103 103 115 115 119 
111 115 115 107 107 115 111 111 111 115 115 111 111 119 127 143 166 
181 196 196 192 196 192 192 189 189 140 140  68  16  44  48  48  48 
 44  48  44  48  44  48  48  48  53  66 111 115  53  61  66  66  82 
 99  95 111 162 166 173 177 158 150 181 177 166 146 139 154 166 158 
185 189 181 185 173 162 162 158 158 158 154 154 115 127 111 150 158 
150 115 119 127 139 127 135 150 166 154 158 146 162 170 162 166 173 
158 158 166 143 131 139 135 123  82  53  48  61 215 173 115 119 119 
111 123 119 123 115 111 115 115 115 115 119 123 107 111 119 119 107 
115 115 111 107 115 111 103 107 115 107 107 115 135 158 185 196 196 
192 185 185 140 140  68  11  48  48  48  48  48  48  48  48  48  48 
 48  48  57  66 115 107  48  61  57  70  82  99 103 115 158 166 177 
173 162 150 181 181 166 146 139 154 166 158 185 189 185 181 170 170 
158 158 154 162 154 154 143 115 123 123 158 158 146 135 139 135 143 
135 135 135 143 162 170 181 177 177 170 177 173 162 150 139 135 135 
131 103  61  57  39 143 226 177 111 127 123 119 123 123 123 123 115 
111 131 115 111 123 115 119 111 115 123 111 111 111 111 115 111 115 
115 107 103 111 115 107 111 111 111 131 158 192 192 200 140 140  68 
 16  44  48  48  48  48  48  48  44  48  44  48  48  57  70 115 103 
 48  66  61  70  87  91  95 111 162 166 177 173 158 150 185 181 162 
146 135 158 166 162 185 192 185 181 173 170 162 158 158 158 158 154 
154 107 123 111 143 162 150 135 150 150 154 162 162 158 166 173 177 
177 185 177 173 173 173 170 150 123 131 127 111  74  57  44  70 207 
226 173 115 123 119 119 119 123 119 123 119 111 115 127 123 111 119 
119 119 119 107 123 123 115 107 119 115 111 115 115 115 103 107 115 
111 111 111 107 111 115 139 154 140 140  68  16  48  44  44  48  48 
 48  53  44  48  48  53  48  57  70 119  99  53  61  66  70  82  95 
 91 107 158 166 177 177 162 158 181 181 162 146 143 162 170 162 192 
189 189 181 173 170 162 158 158 154 158 150 119  57  78 123 103 154 
154 143 162 166 177 189 185 181 189 196 189 189 192 185 181 177 170 
166 150 123 131 119  91  61  53  30 154 226 222 115 127 123 127 119 
123 119 127 119 123 123 123 119 119 123 115 115 123 115 119 115 115 
119 115 103 119 127 111 107 119 111 115 111 119 115 111 115 119 115 
115 123 140 140  68  16  48  44  48  53  48  53  44  48  44  48  48 
 48  53  66 119  95  53  61  66  70  87  91  95 103 162 166 173 177 
158 154 185 177 166 143 139 162 173 166 189 192 189 185 177 170 166 
154 158 166 143 111 107  70  39  78 103 127 150 143 162 177 181 192 
196 200 200 207 196 192 192 181 181 177 162 150 131 123 123 107  74 
 53  35  78 226 230 189  82 131 131 123 123 127 127 131 127 115 119 
119 119 119 127 123 115 115 123 115 115 115 115 119 115 115 119 119 
115 119 115 119 111 119 131 119 107 119 115 119 135 140 140  68  11 
 53  44  44  48  48  48  48  48  48  48  48  48  53  74 123  87  53 
 61  66  70  87  95  82  99 162 170 173 177 162 154 185 181 166 146 
143 162 170 170 192 192 192 185 173 170 166 162 166 131 107 115 119 
 78  44  39  78  91 143 139 162 170 166 192 196 204 196 200 200 189 
181 177 173 166 150 139 111 111 115  91  57  44  48 211 219 244  91 
 95 119 127 119 123 119 119 119 119 119 123 119 119 115 127 115 123 
119 119 119 119 115 111 123 119 111 115 115 123 119 119 119 123 123 
123 123 127 111 119 123 131 140 140  68  16  48  44  48  48  53  48 
 48  48  48  48  48  48  53  70 127  82  53  61  61  66  87  95  91 
 99 158 170 177 173 158 158 185 181 166 143 143 162 170 166 192 204 
196 185 173 162 158 154 127 103 123 123 119  99  44  44  44  48  91 
127 143 162 166 181 177 177 173 177 189 185 173 170 166 150 131 103 
 87 107  95  74  53  57 196 226 233 181  44 107 119 135 127 123 115 
127 127 131 123 123 119 123 115 111 123 119 119 111 115 119 123 107 
119 119 123 115 115 119 123 123 123 123 127 123 123 123 123 119 123 
123 140 140  68  16  48  44  44  53  48  48  48  44  48  48  53  48 
 53  70 131  78  53  66  61  66  82  95  91 103 158 170 173 177 158 
162 181 181 166 143 139 162 173 177 177 158 127 119 119 119 119 111 
111 127 127 119 127 103  53  44  44  48  44  70 119 139 162 166 170 
154 146 154 166 177 150 150 143 119  87  78 103 103  91  78  39 192 
230 230 230  74  66 127 127 135 135 123 119 123 131 127 119 119 115 
115 115 119 115 123 119 119 111 115 115 119 115 115 123 127 111 119 
123 119 119 123 135 127 123 135 127 123 127 115 140 140  68  16  48 
 44  44  53  48  48  48  48  44  53  48  48  53  74 135  74  53  61 
 61  66  82  99  87  99 162 170 173 173 162 162 185 181 166 143 143 
162 150 119 107 107 107 115 123 119 115 119 123 123 123 123 127 107 
 57  44  44  44  44  44  53 103 131 158 154 166 146 139 150 146 131 
119  95  74  70 111 107 103  99  44 150 237 226 241 127  57  74 131 
123 127 127 123 115 115 123 119 127 123 119 123 119 127 115 115 123 
123 123 119 119 123 115 115 123 123 119 115 123 127 123 127 131 131 
127 127 131 131 127 131 140 140  68  16  48  44  44  53  48  44  48 
 48  44  48  48  48  48  82 143  74  53  61  61  66  78  95  91  99 
162 170 177 181 158 158 185 189 166 135 115 111 107 111 123 115 123 
115 119 127 127 123 131 127 119 123 123 111  91  44  70  53  44  44 
 39  53  66  91 111 115 123 107 103  99  87  70  66  70 103 115 107 
123  57 107 252 222 248 150  48  74  66 127 119 123 127 119 123 123 
123 127 127 127 123 115 119 119 123 115 119 123 119 119 115 119 123 
111 119 119 119 115 123 127 127 123 135 131 135 123 131 135 127 127 
140 140  68  11  48  44  48  48  48  48  48  48  44  53  53  48  48 
107 158  70  53  57  61  66  78  95  91 103 162 170 173 177 154 154 
192 173 111  99 115 111 111 123 119 123 123 119 127 131 123 131 135 
127 131 127 123 111 119  74 111 119  78  48  44  44  53  70  57  61 
 70  70  66  61  61  70  74  91 115 115 123  70  74 244 237 237 170 
 70  66  74  70 123 123 135 135 123 123 131 127 127 119 119 123 111 
119 127 127 119 119 123 131 123 123 119 119 123 111 123 115 119 115 
127 131 131 123 139 139 135 135 127 123 131 140 140  68  11  48  44 
 48  48  48  48  44  48  48  48  48  48  48 123 162  70  57  57  61 
 70  74  87  95 103 162 170 177 177 158 158 146  91 103 107 111 115 
123 127 115 127 119 131 135 127 123 131 135 131 131 131 111 123 131 
115 119 123 103  95  48  39  48  66  70  48  57  74  70  78  70  82 
 95 103 103 103  82  66 237 244 252 162  61  95  61  61  95 123 127 
131 135 123 123 119 119 123 119 123 127 127 127 127 127 119 115 119 
123 123 123 115 123 119 119 115 115 123 123 115 127 131 131 131 135 
135 127 135 131 127 140 140  68  11  53  44  44  48  48  48  48  53 
 44  48  53  48  48 123 177  87  48  57  61  66  74  91  91 103 162 
173 173 189 150 103 103  99 107 111 115 119 119 115 123 123 127 131 
127 123 131 135 123 131 131 127 119 131 135 119 119 119 103 115  78 
 39  39  48  78  78  57  44  57  78  95  99  99 103 111 127 111 222 
248 241 255 139  91  82  61  61 119 119 127 127 127 119 123 127 135 
123 127 123 123 123 119 119 123 115 119 115 111 127 127 119 119 127 
111 107 115 119 115 119 127 131 131 127 135 131 131 131 127 127 140 
140  68  11  48  44  48  48  48  48  48  44  48  53  53  48  48 119 
166  74  53  61  61  66  78  91  87 107 162 173 181 139  99 103 107 
111 107 111 123 123 123 127 131 123 127 135 119 123 131 127 131 135 
127 115 131 139 123 115 115 119 115 107  99  48  44  39  70  74  82 
 66  44  39  61  74  91 107 127 127 192 252 241 241 252 192  91  70 
 66  87 119 127 139 135 123 135 127 127 131 127 123 119 119 119 119 
123 127 127 127 119 111 119 131 127 115 119 107  99 115 123 123 127 
119 127 135 127 139 135 135 123 123 123 140 140  68  11  48  44  48 
 48  48  48  48  48  44  53  48  48  48 123 162  61  53  61  61  61 
 78  87  87  99 166 158 111 103 103  99 111 115 119 127 119 119 127 
119 127 119 131 127 127 131 131 123 127 131 119 119 135 131 115 119 
123 119 115 107  99  82  48  35  95 123  95  99  99  78  44  44  74 
115 119 177 248 241 248 241 248 211  91  61  82 115 119 115 131 127 
135 135 127 127 123 119 123 123 131 127 115 115 123 135 111  74 119 
119 119 111 115 127 115 103 115 119 123 127 119 115 131 127 135 123 
135 123 127 135 140 140  68  16  48  44  44  48  44  48  53  48  44 
 48  48  48  48 123 146  48  53  57  57  66  74  87  87 103 150 107 
119 111  99 111 119 111 111 123 115 119 123 127 123 119 131 115 123 
127 131 123 131 127 123 131 131 131 123 119 119 111 115 107 107  99 
 70  30 119 244 219 226 230 237 207 103 115 131 173 244 237 244 244 
241 244 233  87  61 200 154 115 115 135 127 131 127 123 127 123 135 
127 127 123 123 115 119 111  95  87 119 123 119 123 119 119 123 123 
111 127 127 123 127 127 119 127 131 127 127 135 131 119 127 140 140 
 68  11  48  44  44  48  48  48  48  48  48  48  48  48  48 135 162 
 61  53  57  57  66  74  82  82 103 115 107 107 123 111 115 115 115 
119 123 111 123 123 115 127 127 127 119 135 135 123 127 131 127 131 
131 131 111 119 115 115 115 119 103 115 103  87  57 123 252 241 241 
244 241 248 248 237 244 241 244 255 248 248 241 241 252 107 181 241 
115 123 127 127 123 123 123 119 119 127 123 127 119 123 127 119  91 
 99 119 127 119 123 131 123 115 127 127 119 107 127 127 119 123 127 
127 127 127 123 127 131 135 131 127 140 140  68  16  44  44  48  48 
 48  48  48  44  48  48  48  44  53 135 154  57  53  57  57  66  70 
 87  87  99 107 123 123 115 119 127 111 123 123 123 123 123 119 119 
123 127 123 127 135 127 127 135 127 119 131 135 119 119 119 119 119 
123 115 103 115 111 111  82  95 252 237 241 241 241 248 252 207 177 
135 127 162 196 226 252 255 255 215 252 211 115 127 135 123 123 119 
123 127 127 123 127 123 127 127 103  99 123 123 131 123 123 119 131 
123 123 123 127 115  99 127 127 119 123 127 127 115 127 131 119 131 
131 135 131 140 140  68  11  48  48  44  48  44  48  44  48  44  48 
 48  44  48 143 158  57  53  57  61  66  74  82  87 103 111 115 119 
123 119 119 115 123 123 127 127 139 127 119 123 131 127 131 127 131 
131 127 123 123 127 127 119 119 115 115 119 127 115 111 115 111  95 
173 111 241 237 241 248 252 204 146 127 103 119 127 103  82 115  91 
115 173 215 252 181 119 123 131 123 135 139 111 131 127 131 119 123 
119 107 119 131 123 123 131 123 119 127 131 123 119 127 127 119 107 
127 127 127 123 127 127 119 119 135 127 123 131 127 131 140 140  68 
 16  48  39  48  44  48  44  48  44  44  53  48  44  53 139 158  53 
 57  53  61  61  70  82  82 103 111 111 127 119 123 127 123 131 123 
127 131 123 123 135 123 123 127 131 131 123 131 127 119 127 131 119 
115 119 115 107 119 119 123 111 111 111 111 131 241 237 252 252 200 
131 115 123 107 111 107 103  91  87  95 135 200 170 181 252 143 131 
127 131 131 135 135 119 127 131 131 127 135 127 123 131 131 123 131 
127 123 127 123 123 123 123 127 127 107 119 119 127 131 127 123 123 
127 119 131 123 131 131 123 131 140 140  68  11  53  44  48  44  48 
 48  48  48  48  53  48  44  53 146 166  61  53  61  57  66  66  82 
 87 111 107 119 123 119 119 127 131 139 127 135 131 127 127 131 135 
119 131 135 131 131 131 127 123 135 135 119 119 123 119 123 115 123 
119 123 115 115 123 103 219 244 158 103  87 111 123  95 103  95  99 
 95 111 103 173 255 248 255 252 233 131 135 131 135 139 135 123 127 
131 131 119 131 135 127 123 135 127 123 127 131 127 119 131 123 119 
119 131 131  95 123 123 127 127 135 119 131 119 107 127 119 127 115 
123 139 140 140  68  11  53  44  44  48  44  48  48  44  48  48  48 
 48  48 146 158  57  53  57  57  61  74  91  82 103 107 119 119 107 
131 131 123 135 119 139 127 119 131 131 127 123 131 131 123 131 127 
123 127 135 135 115 119 115 119 119 115 119 119 123 103 115 115  99 
177 181  48  57  78  74  91  91  91 103  99 107 111  70 207 244 244 
244 248 215 123 135 123 135 135 127 119 131 131 127 131 139 131 123 
123 131 127 127 127 123 115 127 131 123 127 123 131 119 107 127 119 
127 127 131 123 115 111 107 123 123 123 123 123 135 140 140  68  11 
 48  44  44  48  48  44  48  48  44  48  53  44  57 154 154  53  53 
 61  57  61  70  82  82  82 119 123 123 123 119 127 123 131 119 135 
131 131 131 127 123 123 131 123 135 131 127 119 131 139 123 111 123 
115 119 107 123 107 115 119 119 103 103 115 119 230 248 131  39  70 
 78  99  95  95 111 107  66  53 215 244 244 241 252 181 115 135 131 
139 135 131 131 131 135 123 127 135 131 123 131 131 127 123 127 135 
119 119 127 123 127 131 131 107 103 127 123 127 131 131 119 119 119 
103 119 123 123 131 123 139 140 140  68  16  48  44  48  48  48  48 
 44  44  48  48  48  44  61 154 154  53  53  57  57  61  70  82  95 
 99 111 119 123 127 123 111 119 127 127 127 127 131 127 127 131 123 
131 119 123 135 131 127 135 135 119 127 123 111 119 107 123 115 115 
119 127 111 103 123 103 204 244 248  87  53  74  87  95 103 111  95 
 61  74 207 248 244 244 252 154 123 131 127 135 135 131 135 135 135 
127 135 135 127 123 131 131 127 135 131 127 119 127 127 123 123 119 
131  95 111 135 127 127 123 127 127 123 123  99 111 127 123 131 123 
131 140 140  68  11  48  44  44  44  48  48  48  48  44  44  48  39 
 61 162 139  48  53  57  57  61  66  87  82 103  82 107 119 131 123 
119 127 135 135 131 123 127 123 131 135 127 127 131 139 131 131 135 
135 127 131 127 123 119 123 115 115 119 115 119 123 119  99 115 115 
139 252 244 211  61  61  95 111 107  99  95 115  78 196 248 241 244 
244 135 123 135 131 143 127 127 139 135 127 131 135 135 127 127 135 
123 119 127 135 123 127 131 127 115 127 131 119  87 127 119 131 127 
119 127 131 127 119  99 107 131 115 127 123 127 140 140  68  11  48 
 44  44  48  48  48  48  48  44  48  53  44  61 162 143  48  53  61 
 57  61  70  91  82  99 103  82 123 131 115 123 123 123 139 135 123 
123 131 119 139 131 131 127 139 131 127 131 139 127 131 123 123 119 
123 115 115 123 115 115 119 127  99 115 131 111 226 241 252 177  53 
 91 123 115 107 115 107  57 189 248 241 244 226 123 127 131 139 143 
139 131 131 135 131 135 131 135 127 131 131 127 123 131 131 119 131 
123 107 123 123 127 103  91 127 119 123 127 127 123 131 123 119 103 
 99 127 119 127 131 123 140 140  68  11  48  44  44  48  44  48  48 
 44  48  48  48  44  61 162 139  53  57  53  57  61  82  99  99  95 
119  95  99 123 123 123 131 127 139 139 127 123 123 115 123 131 127 
131 131 131 131 131 135 135 131 123 127 119 123 119 111 119 111 115 
115 131 111 103 131 103 185 252 237 248 103  53  99 115 111  78  74 
 53 181 252 241 248 207 115 131 127 139 143 127 135 135 135 131 131 
135 131 131 139 131 123 135 131 131 115 115 103  95 131 127 131  82 
115 127 123 127 127 131 127 127 127 119 107  87 119 119 123 123 119 
140 140  68  16  48  44  48  44  48  48  48  48  44  48  44  44  61 
166 127  44  57  57  53  78  95 107 111 111 111 119 103 115 119 123 
119 115 131 135 119 119 107 131 115 131 135 131 131 131 131 127 123 
131 119 115 127 119 127 119 119 119 119 115 123 123 123 107 131 119 
135 252 237 248 200  57 111  82  87  78 103  95 189 248 244 248 192 
115 127 131 139 139 135 139 131 131 131 135 131 127 131 135 131 127 
131 127 107 107 119 131 127 135 127 119  70 119 127 127 119 127 127 
127 127 123 127 107  87 111 115 119 123 127 140 140  68  11  48  44 
 48  44  48  48  48  48  44  48  48  44  66 166 127  44  57  53  53 
 99  95  99 119 115 103 123 115  95 123 131 119 107 127 139 119 123 
107 123 123 123 131 131 123 123 127 127 123 127 123 119 131 119 119 
127 127 115 119 123 119 119 131 111 123 123 115 226 241 241 252  99 
 70  78  78  95  99  70 173 252 241 252 162 123 135 119 143 139 139 
135 131 131 139 135 127 123 143 131 123 131 123 115 123 131 131 119 
127 131 131 111  99 123 127 127 119 123 135 131 119 123 131 119  91 
 99 115 123 127 127 140 140  68  16  48  44  44  48  44  48  48  44 
 48  44  48  44  61 170 143  48  57  53  66 103  99  99 111 111 107 
115 115 103 111 131 119 123 119 135 127 127 107 115 127 107 123 127 
135 123 127 131 123 123 127 119 119 123 119 127 119 123 115 123 123 
123 135 115 123 123 115 185 252 241 252 173  87 103 123 135  99  57 
154 255 237 248 135 135 127 131 143 135 143 135 131 127 131 135 123 
127 139 131 127 135 131 127 131 127 131 123 127 131 127  87 115 119 
115 123 123 123 123 135 131 119 131 115  99  91 107 111 127 131 140 
140  68  11  48  44  44  44  48  44  48  48  44  48  48  39  66 162 
115  44  57  57  91 107 111 115  99 111 107 103 127 119 103 123 119 
123 111 131 123 135 111 115 127 127 111 139 127 131 127 127 127 127 
127 119 115 123 123 119 123 123 119 115 123 131 127 127 119 123 123 
146 252 237 244 233 107  95  78 119 131  78  53 226 244 237 123 127 
127 131 139 139 139 131 123 135 135 131 127 135 131 127 127 139 127 
119 131 127 127 123 127 135 123  99 115 119 119 119 123 123 123 123 
131 119 119 119  91  87 123 111 123 131 140 140  68  11  53  44  44 
 48  48  48  48  48  44  48  48  44  74 177 111  44  57  87  99  99 
111 107 123 115 111 107 119 119 119  99 131 127 115 123 127 131 119 
111 123 127 111 123 131 135 127 127 135 123 123 127 115 123 127 119 
123 123 127 119 115 123 131 127 119 123 123 127 248 241 241 241 135 
127  91 111 111 127  78  87 241 219 115 135 131 139 135 135 143 135 
135 135 127 131 127 139 139 123 131 135 131 127 131 131 123 131 127 
131 111 111 119 123 115 115 123 127 123 123 131 123 115 119 103  87 
115 103 115 131 140 140  68  11  48  48  44  48  48  48  44  48  44 
 48  48  44  74 170 107  39  74  99  99 107 119 107 111 119 115 127 
 99 115 127 119 107 131 119 115 127 135 127 119 123 123 127  99 139 
135 123 127 127 123 123 127 119 119 127 127 119 123 127 115 111 127 
131 127 103 127 127 111 226 244 241 241  82 123 119 103 115 103 127 
 61 139 219 111 131 135 131 135 135 131 135 135 139 139 127 135 139 
127 127 135 135 123 139 127 127 123 127 131 123 107 119 123 111 123 
119 115 127 127 123 127 127 115 119 107  87  95 111 111 103 140 140 
 68  16  48  44  44  48  48  48  48  44  48  48  44  44  66 150  74 
 44  87 103  99 115 123 119 115 103 131 119 119  99 123 123  91 119 
119 115 123 131 131 119 135 135 127 111 107 135 123 123 123 127 119 
115 115 115 123 131 115 123 123 123 119 123 123 135 107 115 135 107 
192 252 252 200  39  99 131 115 103  91  91 123 123 154 119 127 131 
127 131 143 135 127 135 139 135 131 139 135 135 131 135 131 127 127 
131 127 127 131 127 115  95 131 123 115 115 123 115 119 131 119 119 
119 119 115 107  95  78 103  95 103 140 140  68  16  48  44  44  48 
 48  48  48  44  48  44  48  48  61 119  44  66  99 103 115 123 111 
127 131 111 123 131 107 111  99 119 111  82 111 111 123 131 127 123 
131 131 123 139  99 127 131 123 123 127 115 115 119 115 123 131 127 
119 123 123 127 115 127 131 123 115 127 119 162 252 252  91  39  82 
135 119 123 107  87  95 115 115 135 127 123 123 139 131 139 139 139 
139 123 131 131 139 127 135 135 131 127 131 135 123 131 123 131 107 
107 127 123 119 111 119 119 111 123 123 115 111 115 115 111  95  61 
 78 103 131 140 140  68  16  48  44  48  48  48  48  48  44  44  48 
 44  44  70 115  66  91 103 107 115 115 123 119 115 119 131 119 115 
123 107  91 111 127  95 103 123 127 131 119 135 127 135 131 115  95 
123 119 119 115 119 119 119 123 115 123 127 127 119 123 127 115 119 
135 127 119 127 123 127 255 196  48  48  95 127 123 115 131 103  82 
 78 127 135 127 127 131 139 143 135 135 135 139 131 135 135 127 131 
135 131 135 135 127 135 123 131 131 123  91 119 127 123 119 119 115 
115 111 111 123 115 123 115 111 107  91  66  78 119 115 140 140  68 
 16  48  44  48  44  48  48  48  48  44  48  48  44  74 123  87  99 
103 107 123 111 119 131 115 127 123 107  99 119 123  99  99 111 131 
 99 115 123 127 115 123 127 127 135 135  87 123 127 119 119 123 111 
119 123 123 119 127 131 123 127 123 115 119 131 135 119 119 131 119 
211  87  95  70 115 131 115 103 107 123 107  99 127 131 131 127 131 
143 139 139 143 135 131 131 139 135 127 135 135 131 127 135 135 127 
135 135 131 123  87 127 123 123 115 119 111 115 115 111 127 115 123 
119 107 107  87  61  87 119 111 140 140  68  16  48  48  44  44  48 
 48  48  48  48  44  48  44  74 123  91 115 107 111 123 119 115 127 
111 119 135 115 119 111 111 115 103  99 103 119 111 111 123 111 127 
131 131 131 127 119  91 127 111 115 119 123 119 119 127 123 127 127 
127 123 119 127 123 127 135 123 115 135 131  95  70 150 131  78 123 
119  87  87 103 111 127 127 127 139 127 139 143 143 143 143 143 135 
135 127 131 127 135 131 123 131 135 131 123 135 131 131  99  99 131 
123 115 119 127 119 107 119 111 111 127 115 119  99  95  78  53  78 
107 127 140 140  68  16  48  44  44  48  48  48  48  44  44  48  48 
 66  87  99 103 107 111 119 127 123 127 119 119 115 119 123 123 123 
103  99 119  87  91 103 103 103 115 119 123 127 127 131 123 135  99 
119 115 111 115 123 115 119 131 127 119 127 123 127 115 123 127 127 
131 127 115 135 127 115  87 115 131  66  95 119 115  82 119  74 127 
127 131 127 123 127 131 139 143 146 135 135 143 135 131 131 135 135 
127 131 135 127 123 135 135 135  82 111 127 127 123 123 119 119 111 
115 115 103 107  99  95  74  87  74  53  53  99 107 140 140  68  16 
 48  48  44  44  48  48  48  48  44  39  61  99  91  99 115 111 123 
123 123 127 131 123 115 127 115 107 131 119 115  99 115 103  91  99 
 99  95 115 115 119 127 131 127 123 127 119 103 115 111 115 119 127 
115 123 131 131 119 127 127 127 115 123 131 135 127 115 131 131 123 
115  87 123  99  95 103 111 119 119 107 131 131 123 127 131 131 135 
143 143 139 131 139 135 135 131 135 139 127 131 131 131 127 131 139 
127 127  70 131 115 131 127 119 123 119 111 103 103  82  78  87  74 
 70  99  78  53  57  95 119 140 140  68  16  48  48  48  44  48  48 
 48  48  44  48  87  99 111 131 111 111 127 123 123 127 131 123 119 
119 115 115 123 127 115 111 103 111  91 103  82  78 103 123 115 131 
127 119 131 131 123  99 119 115 107 127 123 123 127 131 127 127 123 
123 127 123 123 127 127 135 111 131 127 131 119 103 103 119 111  91 
 95 111 131 119 127 127 127 131 127 131 135 146 143 131 135 135 143 
139 131 131 139 131 131 135 127 123 135 135 131  99  95 135 123 135 
131 119 123 123 115  87  82  74  78  78  66  91 103  78  53  66 107 
123 140 140  68  16  48  48  44  44  48  48  53  48  39  82 103 115 
119 119 119 115 123 123 131 127 127 111 123 127 107 107 123 111 115 
111 111  87 107  87  91  78  99 107 123 127 131 123 127 127 123 115 
119 111 123 119 127 127 123 119 127 135 127 119 127 131 123 119 127 
131 131 107 131 131 127 103 103  82 111 123  95  99  99 127 135 123 
123 131 131 131 131 146 139 143 139 135 139 139 135 131 131 127 131 
135 127 131 127 127 131  66 127 131 131 119 135 135 119 119  99  82 
 87  87  82  82  87  99  78  82  48  66  99  99 140 140  68  16  53 
 44  44  48  53  48  48  44  74 103 111 119 119 119 127 123 123 119 
131 119 123 119 127 123 115 123 111 123 107 115 115 103  95  99  87 
 82 103 103 127 123 123 131 131 127 127 123 103 115 115 119 127 127 
127 123 131 131 127 119 123 135 123 115 123 135 139 123 111 131 131 
107  78  91 119 111 127 107  99 127 131 135 127 131 127 127 135 143 
139 131 139 143 139 135 135 139 131 135 131 135 123 127 131 131 115 
 82 131 127 131 115 119 131 119 107  91  95  99  87  78  99  91  87 
 78  82  57  70  99  99 140 140  68  16  44  48  44  48  48  48  44 
 70 107 115 115 123 115 123 123 115 111 123 123 127 119 119 119 115 
115 123 123 107 111 111 103 123 107  87  87  87  99 115 119 123 119 
123 127 119 131 131  82 115 107 123 115 127 127 127 119 123 131 127 
123 123 131 123 123 127 131 131 115 131 131 123  74 111 115  82 107 
131 115 127 135 131 127 135 131 123 143 146 135 139 139 143 131 135 
143 139 135 139 135 127 123 131 131 131  87 115 127 127 127 119 119 
127 111 103  99 103  91  95  95  91  82  91  74  87  61  61 107  95 
140 140  68  16  48  44  48  48  48  44  61 107  99 107 111 119 119 
131 127 127 119 107 123 123 115 119 119 107 123 119 119 111 115 123 
115 107  99  91  87  87  91 115 119 123 115 123 119 119 135 115  91 
103 115 115 127 127 127 131 127 123 127 131 127 119 127 123 127 123 
127 131 115 123 131 119 103 119 107  78  82  95 127 139 139 135 127 
131 131 127 143 135 127 139 143 135 131 139 143 127 139 135 135 123 
135 131 135 123  87 139 123 127 131 127 119 115 111 103 103 103  99 
103  91  78  78  95  78  95  66  53  87  91 140 140  68  16  48  44 
 48  44  48  48  99  99 107 103 123 107 115 119 115 119 127 127 115 
111 127 127 123 119 119 131 119 111 119 119 103 111  91  87  95  78 
 95 119 131 119 127 131 123 131 131 107 111  95 119 115 127 127 123 
127 131 123 127 127 131 123 119 135 127 131 127 135 123 115 127 123 
107  91 115 103  78  87 123 127 139 135 131 131 131 131 139 139 139 
135 139 131 139 139 135 135 135 139 135 127 135 135 131 107 111 127 
127 119 127 123 111 111 111 111 107 103 111  91  95  91  82  82  87 
 78  61  57  87  87 140 140  68  16  53  44  44  48  39  74 111 107 
111 107 115 111 119 107 115 127 127 115 123 111 115 111 111 111 123 
123 119 119 115 115 107 115 111  95  70  70  95 127 123 119 127 131 
123 131 111 107 111 119  99 127 119 123 115 123 131 131 131 119 127 
127 127 127 123 127 131 131 127 119 119 119 119 111  91 107 115  95 
131 131 135 139 127 135 131 135 135 131 139 139 143 135 143 143 135 
131 139 135 139 127 135 135 131  82 139 127 131 119 115 115 111 111 
119 115 103 107  99  91 103  95  91  82  82  74  66  53  82  91 140 
140  68  16  53  44  48  44  48 103 111 111 111 111 111 115 119 111 
119 123 115 119 119 119 131 107 107 107 115 131 119 123 119 107 111 
107  99 103  95  57  87 135 115 123 135 131 131 115 107 111 115 139 
103 111 127 119 127 119 127 135 131 123 123 131 131 127 123 123 127 
135 135 111 111 111 111 103  91  70  99 123 127 123 135 135 135 127 
135 135 131 135 143 143 143 139 139 139 139 131 127 135 131 135 139 
135 115  99 123 127 123 119 111 111 115 111 119 115  99  99 107 103 
 95  91  82  87  82  74  61  53  74  82 140 140  68  16  53  44  44 
 44  66 115 111 119 107 115 111 119 123 123 119 111 103 115 115 123 
115 115 127 115  99  95 103 111 111 107 115 115  91  87  95  99  87 
135 119 131 135 123 115 103 103 123 115 135 131  82 127 127 119 123 
123 127 127 127 119 123 131 131 127 123 131 131 135 119 111 107 107 
103 103  95  61 103 131 131 127 135 131 135 135 131 135 135 143 143 
135 143 143 139 131 135 139 135 131 139 135 135  87 127 119 123 119 
123 111 123 119 111 115 111 111 103 107  99  91  95  87  82  78  74 
 66  53  61  95 140 140  68  11  48  44  48  35  87 111 107 115 119 
119 107 123 123 123 127  99 103 115 123 119 115 123 115 123 115 111 
 82  78  87 107 115  99  99  87  78  91 103 127 127 131 127 119 103 
107 111 127 115 127 127 119  91 127 127 123 127 115 131 127 131 127 
127 135 131 127 123 131 135 135 103  95 103  91  95  87  78 119 135 
127 123 135 131 123 131 131 139 146 143 135 143 139 139 127 135 131 
139 131 139 135 135 123  87 139 123 119 127 123 115 115 115 127 103 
119 111  99  95 103  91  99  87  82  78  78  61  61  57  91 140 140 
 68  11  48  44  44  70  99 111 115 119 111 123 115 123 119 119 127 
 91  91 123 115 111 123 119 119 111 119 123 107  74  74  74  82  95 
107  87  99  70  70 127 135 127 107 107 115 119 115 123 119 127 127 
123 103  99 135 127 127 127 119 135 127 135 127 127 127 131 123 123 
131 135 119  70  66  66  66  74  91 111 115 115  99 115 103  91 111 
135 135 139 143 135 143 135 135 131 135 135 135 123 135 135 135  91 
107 131 131 119 119 115 115 119 115 111 107 111 111  99  99  95  91 
 95  87  82  78  74  66  61  53  82 140 140  68  21  48  61  95  95 
107 119 127 115 123 119 119 123 119 119 127  87  95 115 111 119 115 
123 103 111 119 115 111  95 103  66  48  70  95  82  78  57  53 119 
135 123 111 115 115 111 107 107 115 131 123 127 135  82 111 127 131 
127 131 123 127 131 127 123 131 131 127 123 123 131 131  95  70  91 
 91 103  99  87  91  82  78  82  82  66  95 135 143 143 139 139 139 
146 135 135 131 139 127 135 139 135 135  70 131 123 127 119 119 123 
127 119 111 115 111 107 111 111  91 103  82  87  91  82  82  70  61 
 61  53  53 140 140  68  11  70  91  91  99 103 111 111 107 107 107 
103 111 107 119 123  99  91  99 119 119 119 107 103 111 111  99 103 
111  78  78 103 107  78  99  82  70  44  91 127 119 115 119  99  99 
 87 107 103 131 123 127 131 123  74 123 127 127 135 127 127 135 135 
131 123 131 131 131 127 127 135 119 103 123 111 123 123 103 127 107 
 99 111 107 111 123 127 146 139 135 143 139 143 135 139 139 135 131 
135 135 139  91  95 127 119 123 131 115 119 119 119 111 119 111 107 
115 103 103 107  91  87  91  78  78  70  66  66  57  57 140 140  68 
 30  99 103 119 127 127 135 127 115 127 131 127 115 119 127 111 123 
107  87 111 119 115 107  99  99  87  78  95  99  95  82  82  99 103 
103  91  87  44  44  95 107  99  95  78  91  87  95  95 119 115 119 
127 127 123  82 127 131 131 135 127 131 131 131 135 131 131 131 127 
131 131 123 115 143 127 143 131 123  87  91  87 103 103 123 119 127 
139 139 135 135 143 135 139 131 146 131 143 135 135 139  61 135 131 
123 123 127 123 119 119 119 111 119 119 103 111 119 103  99  95  87 
 87  78  78  74  66  66  57  61 169 169  68  44 115 127 127 123 123 
115 103  99  91  99 107 123 127 115 119 119 107 103  95 111 107 107 
 95  95  87  91  95  70  70  87  91  91  91  57  48  39  44  57  61 
 82  74  82  70  82  95 103 103 115 115 115 123 119 131 115  82 131 
131 123 135 127 123 127 131 135 131 131 131 135 135 127 115 139 127 
139 123  95 107 111  78 135 139 143 119 131 139 135 143 146 143 131 
143 135 135 127 139 135 139  99  82 135 127 123 119 131 119 111 115 
123 119 115 115 119 115 111 103  99  99  87  87  87  74  70  66  66 
 61  61 169 140  68  39 131 135 135 127 131 127 123 123 119  99  78 
 87 111 119 127 123 115 115 111  99 103 115 111  95 111 103  87  70 
 70  57  53  70  70  87  82  53  57  48  53  66  66  61  74  78  99 
103  99 115 111 115 127 111 127 131  99  91 127 135 127 135 127 127 
135 131 127 131 127 139 139 135 111 131 127 131 139  95  70  74 103 
139 131 135 131 131 143 135 143 146 143 143 139 139 131 139 143 127 
135  53 123 127 135 131 115 119 119 115 119 123 111 115 127 123 115 
111 107 103  99  82  91  78  74  74  66  66  57  61 169 140  68  53 
131 131 127 119 123 127 123 123 131 127 123  99  74  95 123 123 111 
119 111 107  99  99  99 111 111 107  99  82  87  78  66  57  48  48 
 44  39  44  39 111  57  61  70  61  91  99 107 103 111 115 111 119 
107 115 123 123  87  95 135 131 131 131 123 127 135 131 135 131 135 
143 139 123 119 135 127 131 143 123 135 146 131 135 143 131 127 131 
143 146 143 139 139 146 143 127 143 139 131  91  82 135 123 135 131 
119 119 127 119 119 123 123 123 119 123 111 111 111  99  99  91  82 
 87  74  70  66  66  61  61 169 140  68  53 139 135 123 135 131 131 
127 127 127 119 127 135 119  78  87 123 127 107  91  91 115 111 103 
107 115 111 115 115 103 115 111  91  99  61  44  48  35  91 146  57 
 61  74  78  95 107 115  95 115 115 111 119 107 119 131 119 139  87 
107 139 143 139 135 135 135 139 139 135 135 143 146 143 119 139 143 
146 139 135 143 150 139 143 146 127 131 139 146 154 143 150 146 146 
139 146 146 143 135  61 131 135 135 139 131 131 119 127 135 123 127 
131 119 123 127 119 115 119 107 103  95  87  91  78  78  78  70  66 
 61 169 140  68  35  91  87  82  82  91  99  87  87  82  82  82  87 
 87  82  48  57  82  78  53  57  61  74  66  74  70  70  74  78  70 
 82  70  82  57  26  26  30  30  95  87  53  44  39  53  66  66  70 
 66  74  74  70  82  74  78  87  82  87  99  53  78  95  95  95  95 
 91  95  95  95  95  87  99  95  87  82  99  95  99  95  95  99  91 
 91  91  87  82  95  99 103  95  95  99  95  95  99  99  95  70  44 
103  91  91  87  91  87  78  87  87  82  82  87  87  82  91  82  78 
 78  70  61  61  61  53  53  53  48  44  35  35 169 140 
